#daq_ch	domain	det_def	clover	Time_Offset	theta	phi	threshold	cs_dom	enable	nb_par_cal	cal_pars1	cal_pars2
2	101	2	CL29B	0	90	0	25	0	1	2	2.0758	1.302221
3	102	2	CL29B	0	90	0	10	0	1	2	-3.0565	1.306096
4	103	2	CL29B	0	90	0	10	0	1	2	1.0572	1.305733
5	104	2	CL29B	0	90	0	22	0	1	2	-2.9284	1.261147
6	105	2	CL29B	0	90	0	15	0	1	2	-0.3109	1.292167
7	106	2	CL29B	0	90	0	15	0	1	2	0.6582	1.353268
8	107	2	CL29B	0	90	0	15	0	1	2	1.9543	1.292203
9	108	2	CL29B	0	90	0	18	0	1	2	-5.3593	1.308358
0	109	1	CL29B	0	90	0	10	0	1	2	0	1
1	110	10	CL29B	0	90	0	10	0	1	2	-7.1195	3.73501
102	111	2	CL29G	34.9093	90	0	12	0	1	2	0.8216	1.250174
103	112	2	CL29G	34.9093	90	0	14	0	1	2	-0.2552	1.267736
104	113	2	CL29G	34.9093	90	0	17	0	1	2	-0.1574	1.261008
105	114	2	CL29G	34.9093	90	0	16	0	1	2	4.0794	1.271038
106	115	2	CL29G	34.9093	90	0	20	0	1	2	-0.4127	1.301249
107	116	2	CL29G	34.9093	90	0	15	0	1	2	-0.4256	1.264725
108	117	2	CL29G	34.9093	90	0	14	0	1	2	-2.3202	1.250225
109	118	2	CL29G	34.9093	90	0	12	0	1	2	0.2594	1.288478
100	119	1	CL29G	34.9093	90	0	20	0	1	2	-2.2498	1.264803
101	120	10	CL29G	34.9093	90	0	20	0	1	2	6.0962	3.738914
202	121	2	CL29R	54.008	90	0	16	0	1	2	-0.8961	1.271191
203	122	2	CL29R	54.008	90	0	19	0	1	2	1.348	1.264352
204	123	2	CL29R	54.008	90	0	14	0	1	2	3.212	1.318715
205	124	2	CL29R	54.008	90	0	15	0	1	2	1.7398	1.289582
206	125	2	CL29R	54.008	90	0	15	0	1	2	-1.2428	1.280313
207	126	2	CL29R	54.008	90	0	15	0	1	2	0.2344	1.340304
208	127	2	CL29R	54.008	90	0	15	0	1	2	2.3634	1.304496
209	128	2	CL29R	54.008	90	0	15	0	1	2	-8.6754	1.296122
200	129	1	CL29R	54.008	90	0	11	0	1	2	-0.7353	1.274038
201	130	10	CL29R	54.008	90	0	10	0	1	2	8.6156	3.767792
302	131	2	CL29W	72.7227	90	0	15	0	1	2	0.7858	1.305914
303	132	2	CL29W	72.7227	90	0	15	0	1	2	2.1658	1.288856
304	133	2	CL29W	72.7227	90	0	15	0	1	2	3.5932	1.279075
305	134	2	CL29W	72.7227	90	0	15	0	1	2	-5.1087	1.306449
306	135	2	CL29W	72.7227	90	0	15	0	1	2	0.1054	1.281121
307	136	2	CL29W	72.7227	90	0	15	0	1	2	6.5096	1.300873
308	137	2	CL29W	72.7227	90	0	15	0	1	2	-1.1897	1.273385
309	138	2	CL29W	72.7227	90	0	15	0	1	2	1.8184	1.250431
300	139	1	CL29W	72.7227	90	0	15	0	1	2	1.0075	1.236683
301	140	10	CL29W	72.7227	90	0	10	0	1	2	-7.2273	3.641736
402	201	2	CL30B	91.4133	90	0	25	0	1	2	-1.75	1.324658
403	202	2	CL30B	91.4133	90	0	10	0	1	2	7.0762	1.370324
404	203	2	CL30B	91.4133	90	0	10	0	1	2	1.9357	1.347758
405	204	2	CL30B	91.4133	90	0	22	0	1	2	-3.4533	1.364453
406	205	2	CL30B	91.4133	90	0	15	0	1	2	2.0619	1.372632
407	206	2	CL30B	91.4133	90	0	15	0	1	2	-1.5653	1.358408
408	207	2	CL30B	91.4133	90	0	15	0	1	2	-15.1482 1.36762
409	208	2	CL30B	91.4133	90	0	18	0	1	2	-12.063	1.264809
400	209	1	CL30B	91.4133	90	0	10	0	1	2	-1.4553	1.315994
401	210	10	CL30B	91.4133	90	0	10	0	1	2	2.8574	3.822672
502	211	2	CL30G	110.203	90	0	12	0	1	2	1.9053	1.3601
503	212	2	CL30G	110.203	90	0	14	0	1	2	1.0643	1.369591
504	213	2	CL30G	110.203	90	0	17	0	1	2	3.3251	1.327851
505	214	2	CL30G	110.203	90	0	16	0	1	2	-8.9674	1.376259
506	215	2	CL30G	110.203	90	0	20	0	1	2	-2.8286	1.312074
507	216	2	CL30G	110.203	90	0	15	0	1	2	1.2263	1.345143
508	217	2	CL30G	110.203	90	0	14	0	1	2	1.4659	1.353905
509	218	2	CL30G	110.203	90	0	12	0	1	2	0.5517	1.279554
500	219	1	CL30G	110.203	90	0	20	0	1	2	0.2691	1.312033
501	220	10	CL30G	110.203	90	0	20	0	1	2	0	1
602	221	2	CL30R	129.128	90	0	16	0	1	2	0.2685	1.282364
603	222	2	CL30R	129.128	90	0	19	0	1	2	1.8044	1.334413
604	223	2	CL30R	129.128	90	0	14	0	1	2	4.013	1.307386
605	224	2	CL30R	129.128	90	0	15	0	1	2	-0.082	1.294393
606	225	2	CL30R	129.128	90	0	15	0	1	2	-1.2073	1.268105
607	226	2	CL30R	129.128	90	0	15	0	1	2	-1.8195	1.30226
608	227	2	CL30R	129.128	90	0	15	0	1	2	-1.9849	1.329725
609	228	2	CL30R	129.128	90	0	15	0	1	2	-1.1071	1.278419
600	229	1	CL30R	129.128	90	0	11	0	1	2	-5.8352	1.296411
601	230	10	CL30R	129.128	90	0	10	0	1	2	11.3488	3.732481
702	231	2	CL30W	147.84	90	0	15	0	1	2	1.4861	1.356112
703	232	2	CL30W	147.84	90	0	15	0	1	2	-0.4125	1.3437
704	233	2	CL30W	147.84	90	0	15	0	1	2	0.8535	1.350904
705	234	2	CL30W	147.84	90	0	15	0	1	2	2.1394	1.355943
706	235	2	CL30W	147.84	90	0	15	0	1	2	1.8719	1.366896
707	236	2	CL30W	147.84	90	0	15	0	1	2	0.0143	1.338786
708	237	2	CL30W	147.84	90	0	15	0	1	2	3.2697	1.332665
709	238	2	CL30W	147.84	90	0	15	0	1	2	-2.806	1.285772
700	239	1	CL30W	147.84	90	0	15	0	1	2	-0.0733	1.336719
701	240	10	CL30W	147.84	90	0	10	0	1	2	-3.8687	3.860785
802	301	2	CL32B	0	90	0	25	0	1	2	-0.8184	1.314839
803	302	2	CL32B	0	90	0	20	0	1	2	-3.7089	1.273382
804	303	2	CL32B	0	90	0	10	0	1	2	-1.8891	1.288283
805	304	2	CL32B	0	90	0	22	0	1	2	-0.6242	1.275324
806	305	2	CL32B	0	90	0	15	0	1	2	-2.2241	1.288294
807	306	2	CL32B	0	90	0	15	0	1	2	-5.2095	1.342988
808	307	2	CL32B	0	90	0	15	0	1	2	-0.4733	1.276578
809	308	2	CL32B	0	90	0	18	0	1	2	-1.9981	1.30997
800	309	1	CL32B	0	90	0	10	0	1	2	-5.8255	1.357641
801	310	10	CL32B	0	90	0	10	0	1	2	-5.1766	3.990829
902	311	2	CL32G	0	90	0	12	0	1	2	-1.9519	1.281299
903	312	2	CL32G	0	90	0	14	0	1	2	-2.7558	1.29788
904	313	2	CL32G	0	90	0	17	0	1	2	-0.6043	1.267777
905	314	2	CL32G	0	90	0	16	0	1	2	-1.779	1.333753
906	315	2	CL32G	0	90	0	20	0	1	2	-1.8573	1.34741
907	316	2	CL32G	0	90	0	15	0	1	2	1.6824	1.353867
908	317	2	CL32G	0	90	0	14	0	1	2	-3.6242	1.353998
909	318	2	CL32G	0	90	0	12	0	1	2	0.584	1.303424
900	319	1	CL32G	0	90	0	20	0	1	2	-3.0616	1.328423
901	320	10	CL32G	0	90	0	20	0	1	2	4.4618	3.894386
1002	321	2	CL32R	0	90	0	16	0	1	2	-1.1576	1.282204
1003	322	2	CL32R	0	90	0	19	0	1	2	3.0431	1.237634
1004	323	2	CL32R	0	90	0	14	0	1	2	-0.7556	1.276171
1005	324	2	CL32R	0	90	0	15	0	1	2	0.5299	1.253669
1006	325	2	CL32R	0	90	0	15	0	1	2	3.6089	1.277853
1007	326	2	CL32R	0	90	0	15	0	1	2	-2.5223	1.323091
1008	327	2	CL32R	0	90	0	15	0	1	2	-1.6348	1.283529
1009	328	2	CL32R	0	90	0	15	0	1	2	-2.886	1.281193
1000	329	1	CL32R	0	90	0	11	0	1	2	-0.0765	1.237637
1001	330	10	CL32R	0	90	0	10	0	1	2	-17.4518 3.73722
1102	331	2	CL32W	0	90	0	15	0	1	2	-4.7718	1.288382
1103	332	2	CL32W	0	90	0	15	0	1	2	-3.5196	1.268672
1104	333	2	CL32W	0	90	0	15	0	1	2	-5.0122	1.235697
1105	334	2	CL32W	0	90	0	15	0	1	2	-5.9497	1.35811
1106	335	2	CL32W	0	90	0	15	0	1	2	0.0843	1.307773
1107	336	2	CL32W	0	90	0	15	0	1	2	-0.593	1.343887
1108	337	2	CL32W	0	90	0	15	0	1	2	-1.6192	1.285099
1109	338	2	CL32W	0	90	0	15	0	1	2	-0.7876	1.286626
1100	339	1	CL32W	0	90	0	15	0	1	2	-7.0296	1.335618
1101	340	10	CL32W	0	90	0	10	0	1	2	-10.3754 3.86792
1202	401	2	CL35B	0	90	0	25	0	1	2	1.8167	1.322987
1203	402	2	CL35B	0	90	0	10	0	1	2	-0.3348	1.323625
1204	403	2	CL35B	0	90	0	10	0	1	2	-2.0106	1.366974
1205	404	2	CL35B	0	90	0	22	0	1	2	0.0774	1.377694
1206	405	2	CL35B	0	90	0	15	0	1	2	-2.513	1.347324
1207	406	2	CL35B	0	90	0	15	0	1	2	1.3224	1.370624
1208	407	2	CL35B	0	90	0	15	0	1	2	-3.0289	1.377046
1209	408	2	CL35B	0	90	0	18	0	1	2	2.5703	1.316353
1200	409	1	CL35B	0	90	0	10	0	1	2	0.4238	1.330237
1201	410	10	CL35B	0	90	0	10	0	1	2	-6.7432	3.883248
1302	411	2	CL35G	0	90	0	12	0	1	2	3.2034	1.338254
1303	412	2	CL35G	0	90	0	14	0	1	2	-2.1283	1.382109
1304	413	2	CL35G	0	90	0	17	0	1	2	5.0659	1.24991
1305	414	2	CL35G	0	90	0	16	0	1	2	-0.6151	1.368349
1306	415	2	CL35G	0	90	0	20	0	1	2	3.3065	1.357795
1307	416	2	CL35G	0	90	0	15	0	1	2	2.0646	1.353566
1308	417	2	CL35G	0	90	0	14	0	1	2	0.7848	1.313626
1309	418	2	CL35G	0	90	0	12	0	1	2	2.0554	1.40276
1300	419	1	CL35G	0	90	0	20	0	1	2	-4.9853	1.341634
1301	420	10	CL35G	0	90	0	20	0	1	2	-15.9058 3.96439
1402	421	2	CL35R	0	90	0	16	0	1	2	-0.8719	1.338707
1403	422	2	CL35R	0	90	0	19	0	1	2	0.0941	1.335128
1404	423	2	CL35R	0	90	0	14	0	1	2	-0.1096	1.313127
1405	424	2	CL35R	0	90	0	15	0	1	2	0.2928	1.347389
1406	425	2	CL35R	0	90	0	15	0	1	2	3.3798	1.320661
1407	426	2	CL35R	0	90	0	15	0	1	2	0.6182	1.386274
1408	427	2	CL35R	0	90	0	15	0	1	2	1.1918	1.342319
1409	428	2	CL35R	0	90	0	15	0	1	2	-1.5416	1.343606
1400	429	1	CL35R	0	90	0	11	0	1	2	0.7637	1.325809
1401	430	10	CL35R	0	90	0	10	0	1	2	-6.9142	3.924758
1502	431	2	CL35W	0	90	0	15	0	1	2	3.2899	1.336563
1503	432	2	CL35W	0	90	0	15	0	1	2	2.2553	1.364342
1504	433	2	CL35W	0	90	0	15	0	1	2	2.4304	1.363392
1505	434	2	CL35W	0	90	0	15	0	1	2	0.9716	1.341713
1506	435	2	CL35W	0	90	0	15	0	1	2	-0.2747	1.372308
1507	436	2	CL35W	0	90	0	15	0	1	2	0.8806	1.367239
1508	437	2	CL35W	0	90	0	15	0	1	2	1.8903	1.311032
1509	438	2	CL35W	0	90	0	15	0	1	2	0.8471	1.317079
1500	439	1	CL35W	0	90	0	15	0	1	2	-0.0254	1.381526
1501	440	10	CL35W	0	90	0	10	0	1	2	-7.0213	4.038719
1602	501	2	CL34B	0	0	0	25	0	1	2	6.1657	1.33024
1603	502	2	CL34B	0	0	0	10	0	1	2	2.0068	1.315337
1604	503	2	CL34B	0	0	0	10	0	1	2	-0.1985	1.348601
1605	504	2	CL34B	0	0	0	22	0	1	2	-2.8187	1.330424
1606	505	2	CL34B	0	0	0	15	0	1	2	0.7444	1.289954
1607	506	2	CL34B	0	0	0	15	0	1	2	0.3922	1.327824
1608	507	2	CL34B	0	0	0	15	0	1	2	1.2543	1.31596
1609	508	2	CL34B	0	0	0	18	0	1	2	1.1292	1.302672
1600	509	1	CL34B	0	0	0	10	0	1	2	0.8422	1.33774
1601	510	10	CL34B	0	0	0	10	0	1	2	-3.6887	3.885286
1702	511	2	CL34G	0	0	0	12	0	1	2	-1.1626	1.343182
1703	512	2	CL34G	0	0	0	14	0	1	2	0.3099	1.344307
1704	513	2	CL34G	0	0	0	17	0	1	2	-0.3799	1.299773
1705	514	2	CL34G	0	0	0	16	0	1	2	0.2372	1.279654
1706	515	2	CL34G	0	0	0	20	0	1	2	-0.0682	1.37893
1707	516	2	CL34G	0	0	0	15	0	1	2	0.9996	1.389584
1708	517	2	CL34G	0	0	0	14	0	1	2	-4.175	1.347934
1709	518	2	CL34G	0	0	0	12	0	1	2	-1.1186	1.287075
1700	519	1	CL34G	0	0	0	20	0	1	2	1.4179	1.246322
1701	520	10	CL34G	0	0	0	20	0	1	2	5.1638	3.742784
1802	521	2	CL34R	0	0	0	16	0	1	2	-1.6363	1.327264
1803	522	2	CL34R	0	0	0	19	0	1	2	-0.2458	1.354929
1804	523	2	CL34R	0	0	0	14	0	1	2	1.9934	1.366232
1805	524	2	CL34R	0	0	0	15	0	1	2	3.3704	1.369365
1806	525	2	CL34R	0	0	0	15	0	1	2	6.3812	1.336665
1807	526	2	CL34R	0	0	0	15	0	1	2	3.1862	1.30376
1808	527	2	CL34R	0	0	0	15	0	1	2	-0.3745	1.360813
1809	528	2	CL34R	0	0	0	15	0	1	2	1.4401	1.291324
1800	529	1	CL34R	0	0	0	11	0	1	2	1.2344	1.333489
1801	530	10	CL34R	0	0	0	10	0	1	2	4.2097	3.885617
1902	531	2	CL34W	0	0	0	15	0	1	2	4.9679	1.31163
1903	532	2	CL34W	0	0	0	15	0	1	2	1.0995	1.285781
1904	533	2	CL34W	0	0	0	15	0	1	2	1.3807	1.248398
1905	534	2	CL34W	0	0	0	15	0	1	2	2.5537	1.302489
1906	535	2	CL34W	0	0	0	15	0	1	2	1.7429	1.343162
1907	536	2	CL34W	0	0	0	15	0	1	2	2.1718	1.291653
1908	537	2	CL34W	0	0	0	15	0	1	2	1.1035	1.348744
1909	538	2	CL34W	0	0	0	15	0	1	2	0.5434	1.301033
1900	539	1	CL34W	0	0	0	15	0	1	2	1.7175	1.302847
1901	540	10	CL34W	0	0	0	10	0	1	2	2.2644	3.779631
2002	601	2	CL36B	0	0	0	25	0	1	2	-4.8528	1.304668
2003	602	2	CL36B	0	0	0	10	0	1	2	0.8947	2.106087
2004	603	2	CL36B	0	0	0	10	0	1	2	1.6414	1.325063
2005	604	2	CL36B	0	0	0	22	0	1	2	0.3747	1.322405
2006	605	2	CL36B	0	0	0	15	0	1	2	-1.2308	1.327854
2007	606	2	CL36B	0	0	0	15	0	1	2	-1.1985	1.428782
2008	607	2	CL36B	0	0	0	15	0	1	2	1.6453	1.358445
2009	608	2	CL36B	0	0	0	18	0	1	2	2.1716	1.323436
2000	609	1	CL36B	0	0	0	10	0	1	2	-0.4715	1.320318
2001	610	10	CL36B	0	0	0	10	0	1	2	0.1652	3.825757
2102	611	2	CL36G	0	0	0	12	0	1	2	3.8961	1.292761
2103	612	2	CL36G	0	0	0	14	0	1	2	7.8198	1.377489
2104	613	2	CL36G	0	0	0	17	0	1	2	-0.8216	1.334829
2105	614	2	CL36G	0	0	0	16	0	1	2	0.9414	1.365993
2106	615	2	CL36G	0	0	0	20	0	1	2	5.3302	1.436939
2107	616	2	CL36G	0	0	0	15	0	1	2	-0.8018	1.410594
2108	617	2	CL36G	0	0	0	14	0	1	2	0.041	1.322573
2109	618	2	CL36G	0	0	0	12	0	1	2	4.1129	1.324273
2100	619	1	CL36G	0	0	0	20	0	1	2	1.5408	1.326075
2101	620	10	CL36G	0	0	0	20	0	1	2	-6.9234	4.004758
2202	621	2	CL36R	0	0	0	16	0	1	2	-5.2896	1.380019
2203	622	2	CL36R	0	0	0	19	0	1	2	-2.8339	1.332819
2204	623	2	CL36R	0	0	0	14	0	1	2	1.5943	1.372001
2205	624	2	CL36R	0	0	0	15	0	1	2	0.5199	1.404183
2206	625	2	CL36R	0	0	0	15	0	1	2	2.3091	1.362366
2207	626	2	CL36R	0	0	0	15	0	1	2	-0.3128	1.399351
2208	627	2	CL36R	0	0	0	15	0	1	2	2.9768	1.425356
2209	628	2	CL36R	0	0	0	15	0	1	2	-3.0171	1.445855
2200	629	1	CL36R	0	0	0	11	0	1	2	2.0729	1.311566
2201	630	10	CL36R	0	0	0	10	0	1	2	-14.3678 3.88181
2302	631	2	CL36W	0	0	0	15	0	1	2	-1.1472	1.370065
2303	632	2	CL36W	0	0	0	15	0	1	2	-2.1759	1.340863
2304	633	2	CL36W	0	0	0	15	0	1	2	-0.9043	1.267773
2305	634	2	CL36W	0	0	0	15	0	1	2	0.3547	1.320452
2306	635	2	CL36W	0	0	0	15	0	1	2	6.0278	1.341542
2307	636	2	CL36W	0	0	0	15	0	1	2	-4.4111	1.302208
2308	637	2	CL36W	0	0	0	15	0	1	2	1.1663	1.337206
2309	638	2	CL36W	0	0	0	15	0	1	2	1.6134	1.343844
2300	639	1	CL36W	0	0	0	15	0	1	2	-2.0263	1.331959
2301	640	10	CL36W	0	0	0	10	0	1	2	-2.7378	3.933931
2402	701	2	CL33B	0	0	0	25	0	1	2	-1.9852	1.218305
2403	702	2	CL33B	0	0	0	10	0	1	2	-7.2607	1.256666
2404	703	2	CL33B	0	0	0	10	0	1	2	2.831	1.241363
2405	704	2	CL33B	0	0	0	22	0	1	2	1.642	1.274125
2406	705	2	CL33B	0	0	0	15	0	1	2	-1.1452	1.269794
2407	706	2	CL33B	0	0	0	15	0	1	2	2.8206	1.295871
2408	707	2	CL33B	0	0	0	15	0	1	2	-0.9301	1.450779
2409	708	2	CL33B	0	0	0	18	0	1	2	-1.5414	1.264139
2400	709	1	CL33B	0	0	0	10	0	1	2	-2.0387	1.229375
2401	710	10	CL33B	0	0	0	10	0	1	2	1.3259	3.52955
2502	711	2	CL33G	0	0	0	12	0	1	2	-0.1608	1.287728
2503	712	2	CL33G	0	0	0	14	0	1	2	-1.7017	1.32554
2504	713	2	CL33G	0	0	0	17	0	1	2	-6.219	1.344333
2505	714	2	CL33G	0	0	0	16	0	1	2	1.0126	1.259734
2506	715	2	CL33G	0	0	0	20	0	1	2	-8.938	1.228262
2507	716	2	CL33G	0	0	0	15	0	1	2	-0.9794	1.31507
2508	717	2	CL33G	0	0	0	14	0	1	2	-1.6712	1.418366
2509	718	2	CL33G	0	0	0	12	0	1	2	1.189	1.415324
2500	719	1	CL33G	0	0	0	20	0	1	2	1.9545	1.356295
2501	720	10	CL33G	0	0	0	20	0	1	2	0.4934	4.076449
2602	721	2	CL33R	0	0	0	16	0	1	2	-4.8173	1.273377
2603	722	2	CL33R	0	0	0	19	0	1	2	1.7413	1.267787
2604	723	2	CL33R	0	0	0	14	0	1	2	1.6339	1.293091
2605	724	2	CL33R	0	0	0	15	0	1	2	-5.5623	1.27494
2606	725	2	CL33R	0	0	0	15	0	1	2	-3.5139	1.24721
2607	726	2	CL33R	0	0	0	15	0	1	2	2.2539	1.251429
2608	727	2	CL33R	0	0	0	15	0	1	2	-0.3284	1.279184
2609	728	2	CL33R	0	0	0	15	0	1	2	1.1229	1.306634
2600	729	1	CL33R	0	0	0	11	0	1	2	-1.9284	1.211673
2601	730	10	CL33R	0	0	0	10	0	1	2	-0.6243	4.065564
2702	731	2	CL33W	0	0	0	15	0	1	2	-0.2823	1.291315
2703	732	2	CL33W	0	0	0	15	0	1	2	-1.5774	1.362232
2704	733	2	CL33W	0	0	0	15	0	1	2	5.3612	1.292399
2705	734	2	CL33W	0	0	0	15	0	1	2	0.8775	1.356161
2706	735	2	CL33W	0	0	0	15	0	1	2	-3.0376	1.280612
2707	736	2	CL33W	0	0	0	15	0	1	2	-2.0224	1.321902
2708	737	2	CL33W	0	0	0	15	0	1	2	-1.7901	1.251208
2709	738	2	CL33W	0	0	0	15	0	1	2	0.3558	1.237799
2700	739	1	CL33W	0	0	0	15	0	1	2	2.1017	1.272475
2701	740	10	CL33W	0	0	0	10	0	1	2	3.4007	3.674998
2800	900	5	BGOF	0	0	0	200	1	1	2	0	1
2801	901	5	BGOF	0	0	0	200	1	1	2	0	1
2802	902	5	BGOF	0	0	0	200	1	1	2	0	1
2803	903	5	BGOF	0	0	0	200	1	1	2	0	1
2900	904	6	BGOS	0	0	0	200	1	1	2	0	1
2901	905	6	BGOS	0	0	0	200	1	1	2	0	1
2902	906	6	BGOS	0	0	0	200	1	1	2	0	1
2903	907	6	BGOS	0	0	0	200	1	1	2	0	1
2904	908	4	CSIB	0	0	0	200	1	1	2	0	1
2905	909	4	CSIB	0	0	0	200	1	1	2	0	1

