#daq_ch	domain	det_def	clover	Time_Offset	theta	phi	threshold	cs_dom	enable	nb_par_cal	cal_pars1	cal_pars2
2	101	2	CL29B	0	90	0	25	0	1	2	0	1
3	102	2	CL29B	0	90	0	10	0	1	2	0	1
4	103	2	CL29B	0	90	0	10	0	1	2	0	1
5	104	2	CL29B	0	90	0	22	0	1	2	0	1
6	105	2	CL29B	0	90	0	15	0	1	2	0	1
7	106	2	CL29B	0	90	0	15	0	1	2	0	1
8	107	2	CL29B	0	90	0	15	0	1	2	0	1
9	108	2	CL29B	0	90	0	18	0	1	2	0	1
0	109	1	CL29B	0	90	0	10	0	1	2	0	1
1	110	10	CL29B	0	90	0	10	0	1	2	0	1
102	111	2	CL29G	34.9093	90	0	12	0	1	2	0	1
103	112	2	CL29G	34.9093	90	0	14	0	1	2	0	1
104	113	2	CL29G	34.9093	90	0	17	0	1	2	0	1
105	114	2	CL29G	34.9093	90	0	16	0	1	2	0	1
106	115	2	CL29G	34.9093	90	0	20	0	1	2	0	1
107	116	2	CL29G	34.9093	90	0	15	0	1	2	0	1
108	117	2	CL29G	34.9093	90	0	14	0	1	2	0	1
109	118	2	CL29G	34.9093	90	0	12	0	1	2	0	1
100	119	1	CL29G	34.9093	90	0	20	0	1	2	0	1
101	120	10	CL29G	34.9093	90	0	20	0	1	2	0	1
202	121	2	CL29R	54.008	90	0	16	0	1	2	0	1
203	122	2	CL29R	54.008	90	0	19	0	1	2	0	1
204	123	2	CL29R	54.008	90	0	14	0	1	2	0	1
205	124	2	CL29R	54.008	90	0	15	0	1	2	0	1
206	125	2	CL29R	54.008	90	0	15	0	1	2	0	1
207	126	2	CL29R	54.008	90	0	15	0	1	2	0	1
208	127	2	CL29R	54.008	90	0	15	0	1	2	0	1
209	128	2	CL29R	54.008	90	0	15	0	1	2	0	1
200	129	1	CL29R	54.008	90	0	11	0	1	2	0	1
201	130	10	CL29R	54.008	90	0	10	0	1	2	0	1
302	131	2	CL29W	72.7227	90	0	15	0	1	2	0	1
303	132	2	CL29W	72.7227	90	0	15	0	1	2	0	1
304	133	2	CL29W	72.7227	90	0	15	0	1	2	0	1
305	134	2	CL29W	72.7227	90	0	15	0	1	2	0	1
306	135	2	CL29W	72.7227	90	0	15	0	1	2	0	1
307	136	2	CL29W	72.7227	90	0	15	0	1	2	0	1
308	137	2	CL29W	72.7227	90	0	15	0	1	2	0	1
309	138	2	CL29W	72.7227	90	0	15	0	1	2	0	1
300	139	1	CL29W	72.7227	90	0	15	0	1	2	0	1
301	140	10	CL29W	72.7227	90	0	10	0	1	2	0	1
402	201	2	CL30B	91.4133	90	0	25	0	1	2	0	1
403	202	2	CL30B	91.4133	90	0	10	0	1	2	0	1
404	203	2	CL30B	91.4133	90	0	10	0	1	2	0	1
405	204	2	CL30B	91.4133	90	0	22	0	1	2	0	1
406	205	2	CL30B	91.4133	90	0	15	0	1	2	0	1
407	206	2	CL30B	91.4133	90	0	15	0	1	2	0	1
408	207	2	CL30B	91.4133	90	0	15	0	1	2	0	1
409	208	2	CL30B	91.4133	90	0	18	0	1	2	0	1
400	209	1	CL30B	91.4133	90	0	10	0	1	2	0	1
401	210	10	CL30B	91.4133	90	0	10	0	1	2	0	1
502	211	2	CL30G	110.203	90	0	12	0	1	2	0	1
503	212	2	CL30G	110.203	90	0	14	0	1	2	0	1
504	213	2	CL30G	110.203	90	0	17	0	1	2	0	1
505	214	2	CL30G	110.203	90	0	16	0	1	2	0	1
506	215	2	CL30G	110.203	90	0	20	0	1	2	0	1
507	216	2	CL30G	110.203	90	0	15	0	1	2	0	1
508	217	2	CL30G	110.203	90	0	14	0	1	2	0	1
509	218	2	CL30G	110.203	90	0	12	0	1	2	0	1
500	219	1	CL30G	110.203	90	0	20	0	1	2	0	1
501	220	10	CL30G	110.203	90	0	20	0	1	2	0	1
602	221	2	CL30R	129.128	90	0	16	0	1	2	0	1
603	222	2	CL30R	129.128	90	0	19	0	1	2	0	1
604	223	2	CL30R	129.128	90	0	14	0	1	2	0	1
605	224	2	CL30R	129.128	90	0	15	0	1	2	0	1
606	225	2	CL30R	129.128	90	0	15	0	1	2	0	1
607	226	2	CL30R	129.128	90	0	15	0	1	2	0	1
608	227	2	CL30R	129.128	90	0	15	0	1	2	0	1
609	228	2	CL30R	129.128	90	0	15	0	1	2	0	1
600	229	1	CL30R	129.128	90	0	11	0	1	2	0	1
601	230	10	CL30R	129.128	90	0	10	0	1	2	0	1
702	231	2	CL30W	147.84	90	0	15	0	1	2	0	1
703	232	2	CL30W	147.84	90	0	15	0	1	2	0	1
704	233	2	CL30W	147.84	90	0	15	0	1	2	0	1
705	234	2	CL30W	147.84	90	0	15	0	1	2	0	1
706	235	2	CL30W	147.84	90	0	15	0	1	2	0	1
707	236	2	CL30W	147.84	90	0	15	0	1	2	0	1
708	237	2	CL30W	147.84	90	0	15	0	1	2	0	1
709	238	2	CL30W	147.84	90	0	15	0	1	2	0	1
700	239	1	CL30W	147.84	90	0	15	0	1	2	0	1
701	240	10	CL30W	147.84	90	0	10	0	1	2	0	1
802	301	2	CL32B	0	90	0	25	0	1	2	0	1
803	302	2	CL32B	0	90	0	20	0	1	2	0	1
804	303	2	CL32B	0	90	0	10	0	1	2	0	1
805	304	2	CL32B	0	90	0	22	0	1	2	0	1
806	305	2	CL32B	0	90	0	15	0	1	2	0	1
807	306	2	CL32B	0	90	0	15	0	1	2	0	1
808	307	2	CL32B	0	90	0	15	0	1	2	0	1
809	308	2	CL32B	0	90	0	18	0	1	2	0	1
800	309	1	CL32B	0	90	0	10	0	1	2	0	1
801	310	10	CL32B	0	90	0	10	0	1	2	0	1
902	311	2	CL32G	0	90	0	12	0	1	2	0	1
903	312	2	CL32G	0	90	0	14	0	1	2	0	1
904	313	2	CL32G	0	90	0	17	0	1	2	0	1
905	314	2	CL32G	0	90	0	16	0	1	2	0	1
906	315	2	CL32G	0	90	0	20	0	1	2	0	1
907	316	2	CL32G	0	90	0	15	0	1	2	0	1
908	317	2	CL32G	0	90	0	14	0	1	2	0	1
909	318	2	CL32G	0	90	0	12	0	1	2	0	1
900	319	1	CL32G	0	90	0	20	0	1	2	0	1
901	320	10	CL32G	0	90	0	20	0	1	2	0	1
1002	321	2	CL32R	0	90	0	16	0	1	2	0	1
1003	322	2	CL32R	0	90	0	19	0	1	2	0	1
1004	323	2	CL32R	0	90	0	14	0	1	2	0	1
1005	324	2	CL32R	0	90	0	15	0	1	2	0	1
1006	325	2	CL32R	0	90	0	15	0	1	2	0	1
1007	326	2	CL32R	0	90	0	15	0	1	2	0	1
1008	327	2	CL32R	0	90	0	15	0	1	2	0	1
1009	328	2	CL32R	0	90	0	15	0	1	2	0	1
1000	329	1	CL32R	0	90	0	11	0	1	2	0	1
1001	330	10	CL32R	0	90	0	10	0	1	2	0	1
1102	331	2	CL32W	0	90	0	15	0	1	2	0	1
1103	332	2	CL32W	0	90	0	15	0	1	2	0	1
1104	333	2	CL32W	0	90	0	15	0	1	2	0	1
1105	334	2	CL32W	0	90	0	15	0	1	2	0	1
1106	335	2	CL32W	0	90	0	15	0	1	2	0	1
1107	336	2	CL32W	0	90	0	15	0	1	2	0	1
1108	337	2	CL32W	0	90	0	15	0	1	2	0	1
1109	338	2	CL32W	0	90	0	15	0	1	2	0	1
1100	339	1	CL32W	0	90	0	15	0	1	2	0	1
1101	340	10	CL32W	0	90	0	10	0	1	2	0	1
1202	401	2	CL35B	0	90	0	25	0	1	2	0	1
1203	402	2	CL35B	0	90	0	10	0	1	2	0	1
1204	403	2	CL35B	0	90	0	10	0	1	2	0	1
1205	404	2	CL35B	0	90	0	22	0	1	2	0	1
1206	405	2	CL35B	0	90	0	15	0	1	2	0	1
1207	406	2	CL35B	0	90	0	15	0	1	2	0	1
1208	407	2	CL35B	0	90	0	15	0	1	2	0	1
1209	408	2	CL35B	0	90	0	18	0	1	2	0	1
1200	409	1	CL35B	0	90	0	10	0	1	2	0	1
1201	410	10	CL35B	0	90	0	10	0	1	2	0	1
1302	411	2	CL35G	0	90	0	12	0	1	2	0	1
1303	412	2	CL35G	0	90	0	14	0	1	2	0	1
1304	413	2	CL35G	0	90	0	17	0	1	2	0	1
1305	414	2	CL35G	0	90	0	16	0	1	2	0	1
1306	415	2	CL35G	0	90	0	20	0	1	2	0	1
1307	416	2	CL35G	0	90	0	15	0	1	2	0	1
1308	417	2	CL35G	0	90	0	14	0	1	2	0	1
1309	418	2	CL35G	0	90	0	12	0	1	2	0	1
1300	419	1	CL35G	0	90	0	20	0	1	2	0	1
1301	420	10	CL35G	0	90	0	20	0	1	2	0	1
1402	421	2	CL35R	0	90	0	16	0	1	2	0	1
1403	422	2	CL35R	0	90	0	19	0	1	2	0	1
1404	423	2	CL35R	0	90	0	14	0	1	2	0	1
1405	424	2	CL35R	0	90	0	15	0	1	2	0	1
1406	425	2	CL35R	0	90	0	15	0	1	2	0	1
1407	426	2	CL35R	0	90	0	15	0	1	2	0	1
1408	427	2	CL35R	0	90	0	15	0	1	2	0	1
1409	428	2	CL35R	0	90	0	15	0	1	2	0	1
1400	429	1	CL35R	0	90	0	11	0	1	2	0	1
1401	430	10	CL35R	0	90	0	10	0	1	2	0	1
1502	431	2	CL35W	0	90	0	15	0	1	2	0	1
1503	432	2	CL35W	0	90	0	15	0	1	2	0	1
1504	433	2	CL35W	0	90	0	15	0	1	2	0	1
1505	434	2	CL35W	0	90	0	15	0	1	2	0	1
1506	435	2	CL35W	0	90	0	15	0	1	2	0	1
1507	436	2	CL35W	0	90	0	15	0	1	2	0	1
1508	437	2	CL35W	0	90	0	15	0	1	2	0	1
1509	438	2	CL35W	0	90	0	15	0	1	2	0	1
1500	439	1	CL35W	0	90	0	15	0	1	2	0	1
1501	440	10	CL35W	0	90	0	10	0	1	2	0	1
1602	501	2	CL34B	0	0	0	25	0	1	2	0	1
1603	502	2	CL34B	0	0	0	10	0	1	2	0	1
1604	503	2	CL34B	0	0	0	10	0	1	2	0	1
1605	504	2	CL34B	0	0	0	22	0	1	2	0	1
1606	505	2	CL34B	0	0	0	15	0	1	2	0	1
1607	506	2	CL34B	0	0	0	15	0	1	2	0	1
1608	507	2	CL34B	0	0	0	15	0	1	2	0	1
1609	508	2	CL34B	0	0	0	18	0	1	2	0	1
1600	509	1	CL34B	0	0	0	10	0	1	2	0	1
1601	510	10	CL34B	0	0	0	10	0	1	2	0	1
1702	511	2	CL34G	0	0	0	12	0	1	2	0	1
1703	512	2	CL34G	0	0	0	14	0	1	2	0	1
1704	513	2	CL34G	0	0	0	17	0	1	2	0	1
1705	514	2	CL34G	0	0	0	16	0	1	2	0	1
1706	515	2	CL34G	0	0	0	20	0	1	2	0	1
1707	516	2	CL34G	0	0	0	15	0	1	2	0	1
1708	517	2	CL34G	0	0	0	14	0	1	2	0	1
1709	518	2	CL34G	0	0	0	12	0	1	2	0	1
1700	519	1	CL34G	0	0	0	20	0	1	2	0	1
1701	520	10	CL34G	0	0	0	20	0	1	2	0	1
1802	521	2	CL34R	0	0	0	16	0	1	2	0	1
1803	522	2	CL34R	0	0	0	19	0	1	2	0	1
1804	523	2	CL34R	0	0	0	14	0	1	2	0	1
1805	524	2	CL34R	0	0	0	15	0	1	2	0	1
1806	525	2	CL34R	0	0	0	15	0	1	2	0	1
1807	526	2	CL34R	0	0	0	15	0	1	2	0	1
1808	527	2	CL34R	0	0	0	15	0	1	2	0	1
1809	528	2	CL34R	0	0	0	15	0	1	2	0	1
1800	529	1	CL34R	0	0	0	11	0	1	2	0	1
1801	530	10	CL34R	0	0	0	10	0	1	2	0	1
1902	531	2	CL34W	0	0	0	15	0	1	2	0	1
1903	532	2	CL34W	0	0	0	15	0	1	2	0	1
1904	533	2	CL34W	0	0	0	15	0	1	2	0	1
1905	534	2	CL34W	0	0	0	15	0	1	2	0	1
1906	535	2	CL34W	0	0	0	15	0	1	2	0	1
1907	536	2	CL34W	0	0	0	15	0	1	2	0	1
1908	537	2	CL34W	0	0	0	15	0	1	2	0	1
1909	538	2	CL34W	0	0	0	15	0	1	2	0	1
1900	539	1	CL34W	0	0	0	15	0	1	2	0	1
1901	540	10	CL34W	0	0	0	10	0	1	2	0	1
2002	601	2	CL36B	0	0	0	25	0	1	2	0	1
2003	602	2	CL36B	0	0	0	10	0	1	2	0	1
2004	603	2	CL36B	0	0	0	10	0	1	2	0	1
2005	604	2	CL36B	0	0	0	22	0	1	2	0	1
2006	605	2	CL36B	0	0	0	15	0	1	2	0	1
2007	606	2	CL36B	0	0	0	15	0	1	2	0	1
2008	607	2	CL36B	0	0	0	15	0	1	2	0	1
2009	608	2	CL36B	0	0	0	18	0	1	2	0	1
2000	609	1	CL36B	0	0	0	10	0	1	2	0	1
2001	610	10	CL36B	0	0	0	10	0	1	2	0	1
2102	611	2	CL36G	0	0	0	12	0	1	2	0	1
2103	612	2	CL36G	0	0	0	14	0	1	2	0	1
2104	613	2	CL36G	0	0	0	17	0	1	2	0	1
2105	614	2	CL36G	0	0	0	16	0	1	2	0	1
2106	615	2	CL36G	0	0	0	20	0	1	2	0	1
2107	616	2	CL36G	0	0	0	15	0	1	2	0	1
2108	617	2	CL36G	0	0	0	14	0	1	2	0	1
2109	618	2	CL36G	0	0	0	12	0	1	2	0	1
2100	619	1	CL36G	0	0	0	20	0	1	2	0	1
2101	620	10	CL36G	0	0	0	20	0	1	2	0	1
2202	621	2	CL36R	0	0	0	16	0	1	2	0	1
2203	622	2	CL36R	0	0	0	19	0	1	2	0	1
2204	623	2	CL36R	0	0	0	14	0	1	2	0	1
2205	624	2	CL36R	0	0	0	15	0	1	2	0	1
2206	625	2	CL36R	0	0	0	15	0	1	2	0	1
2207	626	2	CL36R	0	0	0	15	0	1	2	0	1
2208	627	2	CL36R	0	0	0	15	0	1	2	0	1
2209	628	2	CL36R	0	0	0	15	0	1	2	0	1
2200	629	1	CL36R	0	0	0	11	0	1	2	0	1
2201	630	10	CL36R	0	0	0	10	0	1	2	0	1
2302	631	2	CL36W	0	0	0	15	0	1	2	0	1
2303	632	2	CL36W	0	0	0	15	0	1	2	0	1
2304	633	2	CL36W	0	0	0	15	0	1	2	0	1
2305	634	2	CL36W	0	0	0	15	0	1	2	0	1
2306	635	2	CL36W	0	0	0	15	0	1	2	0	1
2307	636	2	CL36W	0	0	0	15	0	1	2	0	1
2308	637	2	CL36W	0	0	0	15	0	1	2	0	1
2309	638	2	CL36W	0	0	0	15	0	1	2	0	1
2300	639	1	CL36W	0	0	0	15	0	1	2	0	1
2301	640	10	CL36W	0	0	0	10	0	1	2	0	1
2402	701	2	CL33B	0	0	0	25	0	1	2	0	1
2403	702	2	CL33B	0	0	0	10	0	1	2	0	1
2404	703	2	CL33B	0	0	0	10	0	1	2	0	1
2405	704	2	CL33B	0	0	0	22	0	1	2	0	1
2406	705	2	CL33B	0	0	0	15	0	1	2	0	1
2407	706	2	CL33B	0	0	0	15	0	1	2	0	1
2408	707	2	CL33B	0	0	0	15	0	1	2	0	1
2409	708	2	CL33B	0	0	0	18	0	1	2	0	1
2400	709	1	CL33B	0	0	0	10	0	1	2	0	1
2401	710	10	CL33B	0	0	0	10	0	1	2	0	1
2502	711	2	CL33G	0	0	0	12	0	1	2	0	1
2503	712	2	CL33G	0	0	0	14	0	1	2	0	1
2504	713	2	CL33G	0	0	0	17	0	1	2	0	1
2505	714	2	CL33G	0	0	0	16	0	1	2	0	1
2506	715	2	CL33G	0	0	0	20	0	1	2	0	1
2507	716	2	CL33G	0	0	0	15	0	1	2	0	1
2508	717	2	CL33G	0	0	0	14	0	1	2	0	1
2509	718	2	CL33G	0	0	0	12	0	1	2	0	1
2500	719	1	CL33G	0	0	0	20	0	1	2	0	1
2501	720	10	CL33G	0	0	0	20	0	1	2	0	1
2602	721	2	CL33R	0	0	0	16	0	1	2	0	1
2603	722	2	CL33R	0	0	0	19	0	1	2	0	1
2604	723	2	CL33R	0	0	0	14	0	1	2	0	1
2605	724	2	CL33R	0	0	0	15	0	1	2	0	1
2606	725	2	CL33R	0	0	0	15	0	1	2	0	1
2607	726	2	CL33R	0	0	0	15	0	1	2	0	1
2608	727	2	CL33R	0	0	0	15	0	1	2	0	1
2609	728	2	CL33R	0	0	0	15	0	1	2	0	1
2600	729	1	CL33R	0	0	0	11	0	1	2	0	1
2601	730	10	CL33R	0	0	0	10	0	1	2	0	1
2702	731	2	CL33W	0	0	0	15	0	1	2	0	1
2703	732	2	CL33W	0	0	0	15	0	1	2	0	1
2704	733	2	CL33W	0	0	0	15	0	1	2	0	1
2705	734	2	CL33W	0	0	0	15	0	1	2	0	1
2706	735	2	CL33W	0	0	0	15	0	1	2	0	1
2707	736	2	CL33W	0	0	0	15	0	1	2	0	1
2708	737	2	CL33W	0	0	0	15	0	1	2	0	1
2709	738	2	CL33W	0	0	0	15	0	1	2	0	1
2700	739	1	CL33W	0	0	0	15	0	1	2	0	1
2701	740	10	CL33W	0	0	0	10	0	1	2	0	1
2800	900	5	BGOF	0	0	0	200	1	1	2	0	1
2801	901	5	BGOF	0	0	0	200	1	1	2	0	1
2802	902	5	BGOF	0	0	0	200	1	1	2	0	1
2803	903	5	BGOF	0	0	0	200	1	1	2	0	1
2900	904	6	BGOS	0	0	0	200	1	1	2	0	1
2901	905	6	BGOS	0	0	0	200	1	1	2	0	1
2902	906	6	BGOS	0	0	0	200	1	1	2	0	1
2903	907	6	BGOS	0	0	0	200	1	1	2	0	1
2904	908	4	CSIB	0	0	0	200	1	1	2	0	1
2905	909	4	CSIB	0	0	0	200	1	1	2	0	1

