#daq_ch	domain	det_def	clover	Time_Offset	theta	phi	threshold	cs_dom	enable	nb_par_cal	cal_pars1	cal_pars2
2	101	2	CL29B	0	90	0	25	0	1	2	1.5699 1.302006
3	102	2	CL29B	0	90	0	10	0	1	2	-3.4596 1.306005
4	103	2	CL29B	0	90	0	10	0	1	2	0.7315 1.305278
5	104	2	CL29B	0	90	0	22	0	1	2	0.5453 1.258421
6	105	2	CL29B	0	90	0	15	0	1	2	1.4573 1.293453
7	106	2	CL29B	0	90	0	15	0	1	2	2.8127 1.354016
8	107	2	CL29B	0	90	0	15	0	1	2	0.0578 1.296363
9	108	2	CL29B	0	90	0	18	0	1	2	-5.3123 1.308552
0	109	1	CL29B	0	90	0	10	0	1	2	3.8951 1.299519
1	110	10	CL29B	0	90	0	10	0	1	2	-7.8919 3.741684
102	111	2	CL29G	34.9093	90	0	12	0	1	2	-0.0845 1.250633
103	112	2	CL29G	34.9093	90	0	14	0	1	2	-0.5859 1.267746
104	113	2	CL29G	34.9093	90	0	17	0	1	2	0.7600 1.263536
105	114	2	CL29G	34.9093	90	0	16	0	1	2	0.9180 1.273910
106	115	2	CL29G	34.9093	90	0	20	0	1	2	0.9084 1.299207
107	116	2	CL29G	34.9093	90	0	15	0	1	2	0.3191 1.264135
108	117	2	CL29G	34.9093	90	0	14	0	1	2	-1.2458 1.249453
109	118	2	CL29G	34.9093	90	0	12	0	1	2	-0.8620 1.289250
100	119	1	CL29G	34.9093	90	0	20	0	1	2	-3.1199 1.264905
101	120	10	CL29G	34.9093	90	0	20	0	1	2	-7.3954 3.774766
202	121	2	CL29R	54.008	90	0	16	0	1	2	-1.1708 1.270594
203	122	2	CL29R	54.008	90	0	19	0	1	2	0.4598 1.265467
204	123	2	CL29R	54.008	90	0	14	0	1	2	0.4062 1.321519
205	124	2	CL29R	54.008	90	0	15	0	1	2	3.1013 1.288701
206	125	2	CL29R	54.008	90	0	15	0	1	2	-1.7456 1.280007
207	126	2	CL29R	54.008	90	0	15	0	1	2	-1.4757 1.341891
208	127	2	CL29R	54.008	90	0	15	0	1	2	0.2425 1.306584
209	128	2	CL29R	54.008	90	0	15	0	1	2	-9.5563 1.296891
200	129	1	CL29R	54.008	90	0	11	0	1	2	-0.3086 1.272343
201	130	10	CL29R	54.008	90	0	10	0	1	2	5.9357 3.781785
302	131	2	CL29W	72.7227	90	0	15	0	1	2	1.0491 1.304629
303	132	2	CL29W	72.7227	90	0	15	0	1	2	2.1332 1.291743
304	133	2	CL29W	72.7227	90	0	15	0	1	2	3.2999 1.279727
305	134	2	CL29W	72.7227	90	0	15	0	1	2	-3.4530 1.304823
306	135	2	CL29W	72.7227	90	0	15	0	1	2	1.7082 1.279522
307	136	2	CL29W	72.7227	90	0	15	0	1	2	6.3386 1.298822
308	137	2	CL29W	72.7227	90	0	15	0	1	2	-0.1827 1.272442
309	138	2	CL29W	72.7227	90	0	15	0	1	2	2.4372 1.249756
300	139	1	CL29W	72.7227	90	0	15	0	1	2	1.3855 1.235587
301	140	10	CL29W	72.7227	90	0	10	0	1	2	-25.8812 3.701344
402	201	2	CL30B	91.4133	90	0	25	0	1	2	 -1.0642 1.323364
403	202	2	CL30B	91.4133	90	0	10	0	1	2	 4.2851 1.377273
404	203	2	CL30B	91.4133	90	0	10	0	1	2	 3.5595 1.347680
405	204	2	CL30B	91.4133	90	0	22	0	1	2	 -3.8722 1.364388
406	205	2	CL30B	91.4133	90	0	15	0	1	2	 1.8835 1.372368
407	206	2	CL30B	91.4133	90	0	15	0	1	2	 -3.1074 1.359438
408	207	2	CL30B	91.4133	90	0	15	0	1	2	 -14.3865 1.365560
409	208	2	CL30B	91.4133	90	0	18	0	1	2	 -8.5978 1.260801
400	209	1	CL30B	91.4133	90	0	10	0	1	2	 -0.8158 1.314343
401	210	10	CL30B	91.4133	90	0	10	0	1	2	 0.9619 3.836368
502	211	2	CL30G	110.203	90	0	12	0	1	2	 0.5954 1.360745
503	212	2	CL30G	110.203	90	0	14	0	1	2	 0.7419 1.368867
504	213	2	CL30G	110.203	90	0	17	0	1	2	 4.0707 1.327019
505	214	2	CL30G	110.203	90	0	16	0	1	2	 -5.4370 1.373043
506	215	2	CL30G	110.203	90	0	20	0	1	2	 -3.6401 1.312637
507	216	2	CL30G	110.203	90	0	15	0	1	2	 1.9763 1.343242
508	217	2	CL30G	110.203	90	0	14	0	1	2	 -0.0187 1.354478
509	218	2	CL30G	110.203	90	0	12	0	1	2	 0.5156 1.279258
500	219	1	CL30G	110.203	90	0	20	0	1	2	 -2.9600 1.317713
501	220	10	CL30G	110.203	90	0	20	0	1	2	 -0.0000 1.000000
602	221	2	CL30R	129.128	90	0	16	0	1	2	 0.3547 1.281114
603	222	2	CL30R	129.128	90	0	19	0	1	2	 5.5663 1.328861
604	223	2	CL30R	129.128	90	0	14	0	1	2	 1.8386 1.296618
605	224	2	CL30R	129.128	90	0	15	0	1	2	 0.0448 1.294075
606	225	2	CL30R	129.128	90	0	15	0	1	2	 0.2280 1.264576
607	226	2	CL30R	129.128	90	0	15	0	1	2	 -2.0902 1.301677
608	227	2	CL30R	129.128	90	0	15	0	1	2	 -0.6923 1.330967
609	228	2	CL30R	129.128	90	0	15	0	1	2	 -1.7166 1.281759
600	229	1	CL30R	129.128	90	0	11	0	1	2	 -2.6941 1.292194
601	230	10	CL30R	129.128	90	0	10	0	1	2	 3.4740 3.753396
702	231	2	CL30W	147.84	90	0	15	0	1	2	 3.1122 1.353907
703	232	2	CL30W	147.84	90	0	15	0	1	2	 0.6800 1.341795
704	233	2	CL30W	147.84	90	0	15	0	1	2	 0.8006 1.350127
705	234	2	CL30W	147.84	90	0	15	0	1	2	 0.6346 1.360877
706	235	2	CL30W	147.84	90	0	15	0	1	2	 1.2963 1.363688
707	236	2	CL30W	147.84	90	0	15	0	1	2	 -0.2215 1.338258
708	237	2	CL30W	147.84	90	0	15	0	1	2	 6.1656 1.327342
709	238	2	CL30W	147.84	90	0	15	0	1	2	 -2.3791 1.284495
700	239	1	CL30W	147.84	90	0	15	0	1	2	 0.3992 1.335307
701	240	10	CL30W	147.84	90	0	10	0	1	2	 -1.8240 3.851480
802	301	2	CL32B	0	90	0	25	0	1	2	 -0.2827 1.314810
803	302	2	CL32B	0	90	0	20	0	1	2	 -1.4367 1.270930
804	303	2	CL32B	0	90	0	10	0	1	2	 -1.3907 1.287891
805	304	2	CL32B	0	90	0	22	0	1	2	 -0.8400 1.276171
806	305	2	CL32B	0	90	0	15	0	1	2	 -3.2695 1.289248
807	306	2	CL32B	0	90	0	15	0	1	2	 -5.5300 1.345311
808	307	2	CL32B	0	90	0	15	0	1	2	 1.4781 1.274628
809	308	2	CL32B	0	90	0	18	0	1	2	 -1.3828 1.308553
800	309	1	CL32B	0	90	0	10	0	1	2	 -4.5270 1.354792
801	310	10	CL32B	0	90	0	10	0	1	2	 -0.0000 1.000000
902	311	2	CL32G	0	90	0	12	0	1	2	 -1.8909 1.281604
903	312	2	CL32G	0	90	0	14	0	1	2	 -3.1871 1.298354
904	313	2	CL32G	0	90	0	17	0	1	2	 -2.4593 1.268023
905	314	2	CL32G	0	90	0	16	0	1	2	 -2.4881 1.333601
906	315	2	CL32G	0	90	0	20	0	1	2	 -2.1799 1.347468
907	316	2	CL32G	0	90	0	15	0	1	2	 3.3286 1.352649
908	317	2	CL32G	0	90	0	14	0	1	2	 -4.8576 1.355105
909	318	2	CL32G	0	90	0	12	0	1	2	 0.5514 1.302352
900	319	1	CL32G	0	90	0	20	0	1	2	 -2.8876 1.324741
901	320	10	CL32G	0	90	0	20	0	1	2	 5.3950 3.538624
1002	321	2	CL32R	0	90	0	16	0	1	2	 1.1252 1.279860
1003	322	2	CL32R	0	90	0	19	0	1	2	 2.2496 1.236805
1004	323	2	CL32R	0	90	0	14	0	1	2	 0.4199 1.274347
1005	324	2	CL32R	0	90	0	15	0	1	2	 0.1918 1.253296
1006	325	2	CL32R	0	90	0	15	0	1	2	 1.1819 1.279263
1007	326	2	CL32R	0	90	0	15	0	1	2	 -2.1339 1.322532
1008	327	2	CL32R	0	90	0	15	0	1	2	 -1.5015 1.282615
1009	328	2	CL32R	0	90	0	15	0	1	2	 -2.5456 1.280483
1000	329	1	CL32R	0	90	0	11	0	1	2	 -0.3590 1.237633
1001	330	10	CL32R	0	90	0	10	0	1	2	 -11.4497 3.723224
1102	331	2	CL32W	0	90	0	15	0	1	2	 -3.4134 1.287315
1103	332	2	CL32W	0	90	0	15	0	1	2	 -3.4700 1.267013
1104	333	2	CL32W	0	90	0	15	0	1	2	 -3.1716 1.233592
1105	334	2	CL32W	0	90	0	15	0	1	2	 -3.8011 1.356174
1106	335	2	CL32W	0	90	0	15	0	1	2	 -1.3135 1.310929
1107	336	2	CL32W	0	90	0	15	0	1	2	 -0.6230 1.343261
1108	337	2	CL32W	0	90	0	15	0	1	2	 -1.3948 1.284738
1109	338	2	CL32W	0	90	0	15	0	1	2	 2.3180 1.283059
1100	339	1	CL32W	0	90	0	15	0	1	2	 -3.3042 1.333081
1101	340	10	CL32W	0	90	0	10	0	1	2	 -108.1624 4.189398
1202	401	2	CL35B	0	90	0	25	0	1	2	 2.3385 1.321612
1203	402	2	CL35B	0	90	0	10	0	1	2	 -0.1841 1.322472
1204	403	2	CL35B	0	90	0	10	0	1	2	 -0.7903 1.364220
1205	404	2	CL35B	0	90	0	22	0	1	2	 1.1887 1.376050
1206	405	2	CL35B	0	90	0	15	0	1	2	 -1.2751 1.345153
1207	406	2	CL35B	0	90	0	15	0	1	2	 1.3206 1.369940
1208	407	2	CL35B	0	90	0	15	0	1	2	 -3.3990 1.377074
1209	408	2	CL35B	0	90	0	18	0	1	2	 3.3491 1.314837
1200	409	1	CL35B	0	90	0	10	0	1	2	 -0.3697 1.329922
1201	410	10	CL35B	0	90	0	10	0	1	2	 -10.6451 3.894093
1302	411	2	CL35G	0	90	0	12	0	1	2	 0.9911 1.339249
1303	412	2	CL35G	0	90	0	14	0	1	2	 -3.3505 1.382409
1304	413	2	CL35G	0	90	0	17	0	1	2	 3.9814 1.250542
1305	414	2	CL35G	0	90	0	16	0	1	2	 -0.6140 1.368394
1306	415	2	CL35G	0	90	0	20	0	1	2	 0.9316 1.360366
1307	416	2	CL35G	0	90	0	15	0	1	2	 1.1830 1.354635
1308	417	2	CL35G	0	90	0	14	0	1	2	 1.3994 1.312270
1309	418	2	CL35G	0	90	0	12	0	1	2	 0.5179 1.403799
1300	419	1	CL35G	0	90	0	20	0	1	2	 -4.0922 1.341945
1301	420	10	CL35G	0	90	0	20	0	1	2	 62.9873 3.727236
1402	421	2	CL35R	0	90	0	16	0	1	2	 -0.0714 1.338056
1403	422	2	CL35R	0	90	0	19	0	1	2	 1.5905 1.333718
1404	423	2	CL35R	0	90	0	14	0	1	2	 1.0014 1.311489
1405	424	2	CL35R	0	90	0	15	0	1	2	 0.2501 1.346966
1406	425	2	CL35R	0	90	0	15	0	1	2	 1.4123 1.321762
1407	426	2	CL35R	0	90	0	15	0	1	2	 0.7584 1.386200
1408	427	2	CL35R	0	90	0	15	0	1	2	 1.1493 1.341986
1409	428	2	CL35R	0	90	0	15	0	1	2	 -1.6010 1.343564
1400	429	1	CL35R	0	90	0	11	0	1	2	 2.1561 1.323703
1401	430	10	CL35R	0	90	0	10	0	1	2	 -2.5074 3.912188
1502	431	2	CL35W	0	90	0	15	0	1	2	 1.9825 1.336850
1503	432	2	CL35W	0	90	0	15	0	1	2	 2.8461 1.351120
1504	433	2	CL35W	0	90	0	15	0	1	2	 2.6153 1.362175
1505	434	2	CL35W	0	90	0	15	0	1	2	 1.4869 1.340545
1506	435	2	CL35W	0	90	0	15	0	1	2	 1.1835 1.369831
1507	436	2	CL35W	0	90	0	15	0	1	2	 0.2639 1.367060
1508	437	2	CL35W	0	90	0	15	0	1	2	 0.6204 1.312179
1509	438	2	CL35W	0	90	0	15	0	1	2	 0.5653 1.317315
1500	439	1	CL35W	0	90	0	15	0	1	2	 1.0383 1.379123
1501	440	10	CL35W	0	90	0	10	0	1	2	 -110.2963 4.385156
1602	501	2	CL34B	0	0	0	25	0	1	2	 5.0680 1.330828
1603	502	2	CL34B	0	0	0	10	0	1	2	 0.9312 1.319151
1604	503	2	CL34B	0	0	0	10	0	1	2	 -0.0778 1.347667
1605	504	2	CL34B	0	0	0	22	0	1	2	 -1.6843 1.329141
1606	505	2	CL34B	0	0	0	15	0	1	2	 -0.0091 1.294312
1607	506	2	CL34B	0	0	0	15	0	1	2	 0.2223 1.327381
1608	507	2	CL34B	0	0	0	15	0	1	2	 1.0891 1.320976
1609	508	2	CL34B	0	0	0	18	0	1	2	 1.0124 1.302085
1600	509	1	CL34B	0	0	0	10	0	1	2	 1.2874 1.336422
1601	510	10	CL34B	0	0	0	10	0	1	2	 -4.5378 3.885626
1702	511	2	CL34G	0	0	0	12	0	1	2	 -2.1915 1.343667
1703	512	2	CL34G	0	0	0	14	0	1	2	 0.3072 1.343671
1704	513	2	CL34G	0	0	0	17	0	1	2	 -0.1993 1.298905
1705	514	2	CL34G	0	0	0	16	0	1	2	 -0.1084 1.282117
1706	515	2	CL34G	0	0	0	20	0	1	2	 1.3484 1.374426
1707	516	2	CL34G	0	0	0	15	0	1	2	 1.1311 1.388863
1708	517	2	CL34G	0	0	0	14	0	1	2	 -3.4354 1.346657
1709	518	2	CL34G	0	0	0	12	0	1	2	 -1.3939 1.285972
1700	519	1	CL34G	0	0	0	20	0	1	2	 1.4928 1.245145
1701	520	10	CL34G	0	0	0	20	0	1	2	 -0.0085 3.752685
1802	521	2	CL34R	0	0	0	16	0	1	2	 -1.0194 1.326734
1803	522	2	CL34R	0	0	0	19	0	1	2	 -2.0693 1.365364
1804	523	2	CL34R	0	0	0	14	0	1	2	 1.1363 1.366550
1805	524	2	CL34R	0	0	0	15	0	1	2	 2.4842 1.373024
1806	525	2	CL34R	0	0	0	15	0	1	2	 5.1324 1.337001
1807	526	2	CL34R	0	0	0	15	0	1	2	 3.8037 1.305351
1808	527	2	CL34R	0	0	0	15	0	1	2	 -0.5659 1.360564
1809	528	2	CL34R	0	0	0	15	0	1	2	 0.1292 1.291310
1800	529	1	CL34R	0	0	0	11	0	1	2	 1.5030 1.332587
1801	530	10	CL34R	0	0	0	10	0	1	2	 3.2350 3.886960
1902	531	2	CL34W	0	0	0	15	0	1	2	 4.9148 1.309642
1903	532	2	CL34W	0	0	0	15	0	1	2	 0.9219 1.283808
1904	533	2	CL34W	0	0	0	15	0	1	2	 0.4943 1.248039
1905	534	2	CL34W	0	0	0	15	0	1	2	 1.3161 1.313758
1906	535	2	CL34W	0	0	0	15	0	1	2	 -1.1973 1.345134
1907	536	2	CL34W	0	0	0	15	0	1	2	 0.6850 1.291310
1908	537	2	CL34W	0	0	0	15	0	1	2	 0.6868 1.348560
1909	538	2	CL34W	0	0	0	15	0	1	2	 1.7772 1.298321
1900	539	1	CL34W	0	0	0	15	0	1	2	 2.4691 1.300491
1901	540	10	CL34W	0	0	0	10	0	1	2	 2.7985 3.774389
2002	601	2	CL36B	0	0	0	25	0	1	2	 8.2584 1.290951
2003	602	2	CL36B	0	0	0	10	0	1	2	 1.217 2.163298 
2004	603	2	CL36B	0	0	0	10	0	1	2	 1.0507 1.324413
2005	604	2	CL36B	0	0	0	22	0	1	2	 -0.1786 1.322288
2006	605	2	CL36B	0	0	0	15	0	1	2	 -1.7736 1.328002
2007	606	2	CL36B	0	0	0	15	0	1	2	 -0.1848 1.427460
2008	607	2	CL36B	0	0	0	15	0	1	2	 0.5750 1.358347
2009	608	2	CL36B	0	0	0	18	0	1	2	 0.5933 1.323391
2000	609	1	CL36B	0	0	0	10	0	1	2	 -0.9094 1.327612
2001	610	10	CL36B	0	0	0	10	0	1	2	 2.7088 3.805976
2102	611	2	CL36G	0	0	0	12	0	1	2	 3.6117 1.292527
2103	612	2	CL36G	0	0	0	14	0	1	2	 8.1959 1.376561
2104	613	2	CL36G	0	0	0	17	0	1	2	 -0.8720 1.334216
2105	614	2	CL36G	0	0	0	16	0	1	2	 -0.0962 1.366643
2106	615	2	CL36G	0	0	0	20	0	1	2	 -2.0330 1.444085
2107	616	2	CL36G	0	0	0	15	0	1	2	 -0.9406 1.409539
2108	617	2	CL36G	0	0	0	14	0	1	2	 0.3643 1.318586
2109	618	2	CL36G	0	0	0	12	0	1	2	 2.3178 1.329097
2100	619	1	CL36G	0	0	0	20	0	1	2	 1.6191 1.325764
2101	620	10	CL36G	0	0	0	20	0	1	2	 -0.8644 3.982555
2202	621	2	CL36R	0	0	0	16	0	1	2	 -4.7800 1.379148
2203	622	2	CL36R	0	0	0	19	0	1	2	 -3.0952 1.332537
2204	623	2	CL36R	0	0	0	14	0	1	2	 1.0485 1.372201
2205	624	2	CL36R	0	0	0	15	0	1	2	 1.5102 1.403149
2206	625	2	CL36R	0	0	0	15	0	1	2	 1.8083 1.361856
2207	626	2	CL36R	0	0	0	15	0	1	2	 -1.6893 1.400120
2208	627	2	CL36R	0	0	0	15	0	1	2	 2.5303 1.425521
2209	628	2	CL36R	0	0	0	15	0	1	2	 -3.8420 1.445598
2200	629	1	CL36R	0	0	0	11	0	1	2	 2.0839 1.312138
2201	630	10	CL36R	0	0	0	10	0	1	2	 -14.8244 3.880391
2302	631	2	CL36W	0	0	0	15	0	1	2	 -0.2270 1.367863
2303	632	2	CL36W	0	0	0	15	0	1	2	 -0.8311 1.341378
2304	633	2	CL36W	0	0	0	15	0	1	2	 0.1094 1.265672
2305	634	2	CL36W	0	0	0	15	0	1	2	 -0.0477 1.320050
2306	635	2	CL36W	0	0	0	15	0	1	2	 7.0969 1.340376
2307	636	2	CL36W	0	0	0	15	0	1	2	 -3.5511 1.301063
2308	637	2	CL36W	0	0	0	15	0	1	2	 0.4004 1.337592
2309	638	2	CL36W	0	0	0	15	0	1	2	 0.1382 1.344908
2300	639	1	CL36W	0	0	0	15	0	1	2	 -2.1022 1.330828
2301	640	10	CL36W	0	0	0	10	0	1	2	 1.2786 3.917441
2402	701	2	CL33B	0	0	0	25	0	1	2	 -1.2189 1.217152
2403	702	2	CL33B	0	0	0	10	0	1	2	 -5.0589 1.254055
2404	703	2	CL33B	0	0	0	10	0	1	2	 2.9027 1.240326
2405	704	2	CL33B	0	0	0	22	0	1	2	 3.3818 1.272085
2406	705	2	CL33B	0	0	0	15	0	1	2	 -0.2208 1.268021
2407	706	2	CL33B	0	0	0	15	0	1	2	 4.3298 1.294465
2408	707	2	CL33B	0	0	0	15	0	1	2	 -1.4870 1.450362
2409	708	2	CL33B	0	0	0	18	0	1	2	 1.2176 1.260783
2400	709	1	CL33B	0	0	0	10	0	1	2	 -2.8144 1.229219
2401	710	10	CL33B	0	0	0	10	0	1	2	 3.9717 3.519888
2502	711	2	CL33G	0	0	0	12	0	1	2	 -1.3234 1.287789
2503	712	2	CL33G	0	0	0	14	0	1	2	 0.1532 1.322273
2504	713	2	CL33G	0	0	0	17	0	1	2	 0.3356 1.336529
2505	714	2	CL33G	0	0	0	16	0	1	2	 3.3369 1.257010
2506	715	2	CL33G	0	0	0	20	0	1	2	 -1.4692 1.220680
2507	716	2	CL33G	0	0	0	15	0	1	2	 1.0580 1.312902
2508	717	2	CL33G	0	0	0	14	0	1	2	 4.2987 1.411884
2509	718	2	CL33G	0	0	0	12	0	1	2	 2.6746 1.373733
2500	719	1	CL33G	0	0	0	20	0	1	2	 1.5824 1.357590
2501	720	10	CL33G	0	0	0	20	0	1	2	 -1.1995 4.082914
2602	721	2	CL33R	0	0	0	16	0	1	2	 -1.5801 1.268922
2603	722	2	CL33R	0	0	0	19	0	1	2	 0.5395 1.270852
2604	723	2	CL33R	0	0	0	14	0	1	2	 1.3786 1.295643
2605	724	2	CL33R	0	0	0	15	0	1	2	 -5.5004 1.274882
2606	725	2	CL33R	0	0	0	15	0	1	2	 -5.2986 1.248356
2607	726	2	CL33R	0	0	0	15	0	1	2	 2.7614 1.249899
2608	727	2	CL33R	0	0	0	15	0	1	2	 -0.1516 1.278352
2609	728	2	CL33R	0	0	0	15	0	1	2	 0.6160 1.306238
2600	729	1	CL33R	0	0	0	11	0	1	2	 -3.1422 1.212186
2601	730	10	CL33R	0	0	0	10	0	1	2	 7.5064 3.920600
2702	731	2	CL33W	0	0	0	15	0	1	2	 0.7732 1.289562
2703	732	2	CL33W	0	0	0	15	0	1	2	 -0.0702 1.359730
2704	733	2	CL33W	0	0	0	15	0	1	2	 4.4945 1.296287
2705	734	2	CL33W	0	0	0	15	0	1	2	 1.3501 1.355524
2706	735	2	CL33W	0	0	0	15	0	1	2	 -0.4876 1.277619
2707	736	2	CL33W	0	0	0	15	0	1	2	 -1.9392 1.321628
2708	737	2	CL33W	0	0	0	15	0	1	2	 -1.2975 1.252943
2709	738	2	CL33W	0	0	0	15	0	1	2	 0.9658 1.239398
2700	739	1	CL33W	0	0	0	15	0	1	2	 -0.2349 1.273400
2701	740	10	CL33W	0	0	0	10	0	1	2	 6.7821 3.665882
2800	900	5	BGOF	0	0	0	200	1	1	2	0	1
2801	901	5	BGOF	0	0	0	200	1	1	2	0	1
2802	902	5	BGOF	0	0	0	200	1	1	2	0	1
2803	903	5	BGOF	0	0	0	200	1	1	2	0	1
2804	991	3	LABR1	0	0	0	200	1	1	2	-38.3955	0.801137
2805	992	3	LABR2	0	0	0	200	1	1	2	-63.9021	0.676916
2806	993	3	LABR3	0	0	0	200	1	1	2	-31.5266	1.106522
2807	994	3	LABR4	0	0	0	200	1	1	2	0	1
2900	904	6	BGOS	0	0	0	200	1	1	2	0	1
2901	905	6	BGOS	0	0	0	200	1	1	2	0	1
2902	906	6	BGOS	0	0	0	200	1	1	2	0	1
2903	907	6	BGOS	0	0	0	200	1	1	2	0	1
2904	908	4	CSIB	0	0	0	200	1	1	2	0	1
2905	909	4	CSIB	0	0	0	200	1	1	2	0	1

